Cluster 1 -> 28 1 2 4 5 13 16 17 19 21 23 24 26 27 29 30 32 51 52 55 56 58 61 63 64 66 68 69 72 77 80 83 86 91 94 97 101 104 112 115 118 126 134 137 141 144 147 
Cluster 2 -> 71 74 79 82 85 96 111 114 120 122 125 128 136 139 
Cluster 3 -> 10 3 6 7 8 11 12 14 15 18 20 22 25 
Cluster 4 -> 89 75 107 109 121 123 
Cluster 5 -> 57 65 
Cluster 6 -> 33 
Cluster 7 -> 53 
Cluster 8 -> 105 
Cluster 9 -> 131 
Cluster 10 -> 142 
Cluster 11 -> 102 31 39 48 59 60 67 70 73 76 78 81 84 87 90 92 95 98 99 103 108 110 113 116 119 127 129 130 132 135 138 140 
Cluster 12 -> 34 36 41 42 43 45 46 49 124 
Cluster 13 -> 44 35 37 38 40 47 50 145 
Cluster 14 -> 93 88 100 106 117 133 
Cluster 15 -> 146 
Cluster 16 -> 198 199 200 201 202 203 204 205 206 207 208 209 210 211 212 213 214 215 216 217 218 219 220 221 222 
Cluster 17 -> 228 223 224 227 229 230 231 232 233 234 235 237 239 240 241 242 243 244 245 246 247 225 236 
Cluster 18 -> 192 174 175 177 178 179 180 181 182 183 184 185 186 187 188 190 191 193 194 195 196 197 
Cluster 19 -> 157 148 151 152 153 154 155 158 163 165 172 161 170 
Cluster 20 -> 150 173 167 
Cluster 21 -> 250 248 251 
Cluster 22 -> 176 189 
Cluster 23 -> 160 171 
Cluster 24 -> 156 159 
Cluster 25 -> 162 169 
Cluster 26 -> 166 149 
Cluster 27 -> 54 62 
Cluster 28 -> 252 253 
Cluster 29 -> 254 255 
Cluster 30 -> 168 
Cluster 31 -> 164 
Cluster 32 -> 249 
Cluster 33 -> 238 
Cluster 34 -> 226 
Cluster 35 -> 143 
Cluster 36 -> 9 
